0.001179 1
0.003742 2
0.008567 3
0.011405 4
0.016643 5
0.017939 6
0.021438 7
0.026208 8
0.028405 9
0.033410 10
0.037832 11
0.048351 12
0.048640 13
0.053851 14
0.059155 15
0.061542 16
0.065129 17
0.067660 18
0.071535 19
0.072946 20
0.077717 21
0.081440 22
0.096174 23
0.097612 24
0.102998 25
0.104240 26
0.109549 27
0.110561 28
0.116432 29
0.120936 30
0.122258 31
0.131845 32
0.149898 33
0.155720 34
0.156953 35
0.163125 36
0.164587 37
0.169652 38
0.171366 39
0.176586 40
0.180166 41
0.186512 42
0.188001 43
0.194168 44
0.194439 45
0.204571 46
0.206246 47
0.207846 48
0.209077 49
0.210480 50